64
41
89
96
68
75
81
13
33
94
86
45
73
23
12
17
45
80
67
92
2
33
31
89
72
50
94
85
20
90
3
83
25
32
101
43
49
35
14
50
52
47
85
74
13
1
96
53
50
92
98
43
35
34
40
38
38
94
33
97
81
75
13
42
101
19
24
99
54
81
10
88
78
59
82
30
89
98
71
75
8
52
8
100
6
47
65
91
33
86
21
85
17
54
11
87
60
67
51
74
51
13
87
90
59
14
8
99
61
57
98
26
98
92
4
77
63
48
22
65
79
67
74
29
72
7
21
5
46
33
11
1
67
21
15
65
20
67
68
47
15
75
70
30
72
37
41
83
66
56
0
84
1
84
23
98
21
8
39
31
48
4
72
60
12
23
49
58
33
64
97
44
25
44
37
92
43
17
95
77
40
11
44
14
70
94
36
72
1
79
42
58
3
34
17
44
55
93
7
25
43
87
38
54
14
2
24
97
20
71
62
39
22
58
44
7
61
21
36
59
81
77
99
67
45
41
17
67
50
53
86
23
59
94
96
64
46
95
44
0
38
77
22
100
65
98
15
17
37
12
92
12
4
97
34
29
25
58
79
95
60
88
41
17
38
9
92
93
26
70
18
63
79
0
41
72
13
66
58
68
29
58
89
13
63
93
71
98
81
67
83
80
35
52
53
51
83
92
0
66
85
86
85
53
24
71
11
88
85
97
17
85
60
57
60
42
67
0
83
90
75
14
35
78
69
68
22
75
96
19
33
16
13
46
76
31
3
74
84
97
4
74
11
8
45
15
93
7
77
57
97
45
59
88
17
0
46
29
39
56
45
76
26
12
38
36
41
56
83
50
77
17
25
88
53
20
39
97
94
13
61
0
32
89
64
44
20
76
44
23
96
80
65
63
45
61
36
42
7
92
19
62
92
59
11
48
56
92
99
45
12
33
95
49
74
11
88
26
6
20
58
71
40
58
65
16
59
49
21
31
61
42
50
11
81
23
22
7
12
25
88
47
64
1
57
57
45
69
98
96
31
97
47
68
22
80
95
40
59
12
85
5
20
67
90
67
47
0
35
19
50
5
2
82
44
57
3
85
39
7
82
30
8
25
78
48
73
58
79
20
60
40
8
51
10
59
91
85
0
18
4
90
15
38
27
13
81
83
32
74
54
6
0
50
39
12
55
10
91
62
94
75
22
73
57
57
81
2
57
94
76
25
36
61
37
88
45
37
57
58
91
44
14
49
39
36
36
42
99
59
10
46
0
36
0
43
24
91
5
48
5
79
69
52
97
97
55
39
42
98
19
9
63
57
45
26
22
40
30
13
30
38
89
46
77
78
10
62
82
45
43
53
58
53
58
60
56
70
88
94
86
96
39
34
28
39
90
28
4
91
80
87
40
4
71
86
26
51
0
34
92
93
26
20
48
29
21
65
72
35
30
100
99
78
87
83
36
1
45
25
27
6
83
32
20
92
97
53
44
77
92
8
44
40
60
95
38
87
53
62
101
49
86
78
56
8
45
7
37
71
26
10
52
52
50
27
89
36
15
15
50
37
11
97
43
47
28
30
12
51
93
64
41
53
39
50
63
56
68
80
32
97
7
90
72
92
60
14
40
56
87
67
67
24
40
13
1
53
48
32
4
74
99
60
86
65
1
74
75
86
91
37
35
48
101
91
94
91
85
40
13
47
12
47
49
66
28
13
63
57
98
11
67
79
61
24
56
79
66
86
62
8
29
28
71
98
98
22
13
6
16
79
0
40
82
15
48
18
66
59
53
44
30
100
12
66
19
21
5
93
27
47
32
85
19
32
99
17
81
86
42
43
17
90
5
40
23
38
84
40
61
16
21
17
13
75
42
75
40
32
42
63
47
1
66
6
73
48
42
23
61
38
87
78
70
100
66
89
100
15
96
90
61
63
63
70
14
94
50
58
99
52
85
93
1
9
22
97
58
3
49
57
2
95
45
25
93
26
76
27
12
26
74
99
97
77
100
47
59
93
74
3
28
29
34
95
27
51
36
8
43
9
34
20
45
64
54
42
1
1
30
97
74
12
62
37
97
26
78
34
26
77
93
12
86
24
16
94
81
39
20
70
24
74
53
32
38
87
75
87
96
22
83
84
26
45
29
15
61
29
47
11
47
91
8
47
42
23
95
35
84
25
16
92
92
38
12
91
80
82
47
63
96
78
29
58
35
63
69
1
23
42
2
32
50
10
60
48
93
63
52
5
98
39
49
89
59
16
72
16
24
60
101
74
2
74
11
38
18
101
22
97
16
78
46
99
9
73
44
33
54
78
8
85
29
77
42
85
91
84
55
0
13
9
7
3
99
15
31
88
8
22
71
59
1
3
35
0
82
31
25
33
25
71
68
94
96
73
37
28
88
39
13
8
78
60
29
10
95
39
96
34
57
18
78
5
2
14
69
31
38
48
13
37
34
71
20
16
59
46
21
69
71
40
26
45
86
8
92
100
10
28
84
6
71
99
95
59
42
32
57
35
30
3
33
24
6
1
11
27
60
48
95
66
36
89
44
54
50
47
81
42
77
60
93
3
79
27
84
31
31
23
96
74
43
22
53
45
91
14
92
53
10
51
86
69
100
69
83
10
93
84
42
35
94
30
71
88
9
9
15
64
81
44
58
3
76
10
101
64
101
1
19
55
87
51
53
45
81
55
97
96
17
55
60
11
38
39
61
34
80
52
79
38
2
10
29
41
83
84
56
23
34
61
55
62
6
26
81
74
32
96
74
42
83
52
22
99
48
36
79
76
42
63
79
67
88
75
78
6
6
50
41
63
26
64
80
39
30
40
1
1
42
20
52
14
49
15
48
94
1
48
35
87
3
80
22
91
80
69
0
55
35
81
92
84
93
76
13
52
28
38
58
88
34
98
52
43
43
38
87
80
29
10
9
55
60
73
61
8
91
26
81
6
99
37
46
27
64
90
5
91
7
13
12
60
82
38
73
96
24
55
30
34
56
91
63
84
87
77
95
95
1
21
46
9
93
36
78
58
16
79
20
4
62
93
58
99
10
58
54
14
91
65
41
11
68
28
4
80
44
55
28
14
93
80
20
1
45
9
73
16
95
20
31
39
67
80
85
48
47
70
93
30
36
13
89
83
88
73
5
40
16
28
33
41
10
40
51
31
54
94
100
47
1
100
46
26
36
98
40
38
34
67
6
15
33
97
74
96
17
26
61
1
1
66
11
2
4
85
83
65
62
81
60
26
56
91
76
81
41
69
32
0
4
101
93
31
23
81
34
100
31
77
100
72
74
50
15
55
22
23
70
85
3
2
30
87
92
46
32
82
55
51
53
97
91
38
48
38
65
32
14
46
101
11
41
96
97
24
47
78
56
13
3
74
41
90
4
20
57
77
54
70
49
46
14
51
0
63
